name: bili_login
channels:
  - defaults
dependencies:
  - brotli-python=1.0.9=py312hd77b12b_7
  - bzip2=1.0.8=he774522_0
  - ca-certificates=2023.08.22=haa95532_0
  - certifi=2023.11.17=py312haa95532_0
  - cffi=1.16.0=py312h2bbff1b_0
  - chardet=4.0.0=py312haa95532_1003
  - charset-normalizer=2.0.4=pyhd3eb1b0_0
  - cryptography=41.0.7=py312h89fc84f_0
  - expat=2.5.0=hd77b12b_0
  - idna=3.4=py312haa95532_0
  - libffi=3.4.4=hd77b12b_0
  - openssl=3.0.12=h2bbff1b_0
  - pip=23.3.1=py312haa95532_0
  - pyasn1=0.4.8=pyhd3eb1b0_0
  - pycparser=2.21=pyhd3eb1b0_0
  - pyopenssl=23.2.0=py312haa95532_0
  - pysocks=1.7.1=py312haa95532_0
  - python=3.12.0=h1d929f7_0
  - requests=2.31.0=py312haa95532_0
  - rsa=4.7.2=pyhd3eb1b0_1
  - selenium=3.141.0=py312h2bbff1b_1000
  - setuptools=68.0.0=py312haa95532_0
  - sqlite=3.41.2=h2bbff1b_0
  - tk=8.6.12=h2bbff1b_0
  - toml=0.10.2=pyhd3eb1b0_0
  - tzdata=2023c=h04d1e81_0
  - urllib3=1.26.18=py312haa95532_0
  - vc=14.2=h21ff451_1
  - vs2015_runtime=14.27.29016=h5e58377_2
  - wheel=0.41.2=py312haa95532_0
  - win_inet_pton=1.1.0=py312haa95532_0
  - xz=5.4.5=h8cc25b3_0
  - zlib=1.2.13=h8cc25b3_0
  - pip:
    - altgraph==0.17.4
    - colorama==0.4.6
    - packaging==23.2
    - pefile==2023.2.7
    - pillow==10.1.0
    - pycryptodome==3.19.0
    - pyinstaller==6.1.0
    - pyinstaller-hooks-contrib==2023.10
    - pypng==0.20220715.0
    - pywin32-ctypes==0.2.2
    - qrcode==7.4.2
    - qrcode-terminal==0.8
    - typing-extensions==4.8.0